
---
image_width: 1280.
image_height: 1024.
camera_name: right
camera_matrix: 
   rows: 3
   cols: 3
   dt: d
   data: [856.270220032809, 0, 639.140199192952, 0, 856.8007355463581, 490.2149536059563, 0, 0, 1]
distortion_model: plumb_bob
distortion_coefficients: 
   rows: 1
   cols: 5
   dt: d
   data: [-0.09662792944244207, 0.08660458061962732, -0.003583726041952065, 8.94486463654094e-05, 0]
rectification_matrix: 
   rows: 3
   cols: 3
   dt: d
   data: [ 0.9992617710448415, -0.01307459699225267, -0.03612433863501138, 0.0130782416468084, 0.9999144669711724, -0.0001354148591753131, 0.036123019305624, -0.0003371279379945053, 0.9993472938978716 ]
projection_matrix: 
   rows: 3
   cols: 4
   dt: d
   data: [904.9990358306457, 0, 686.1872787475586, -453.1270721770719, 0, 904.9990358306457, 498.9065246582031, 0, 0, 0, 1, 0]
