
---
image_width: 1280.
image_height: 1024.
camera_name: left
camera_matrix: 
   rows: 3
   cols: 3
   dt: d
   data: [854.6466329957084, 0, 646.2203100126775, 0, 854.6814847202492, 510.6237736955259, 0, 0, 1]
distortion_model: plumb_bob
distortion_coefficients: 
   rows: 1
   cols: 5
   dt: d
   data: [ -0.09476847846825949, 0.07976950266449231, -0.001130892244965163, -0.002061147569213533, 0 ]
rectification_matrix: 
   rows: 3
   cols: 3
   dt: d
   data: [ 0.9992991476381301, 0.002496836511451488, -0.03734942217948696, -0.00250060478793216, 0.9999968720153058, -5.417839573568945e-05, 0.03734917007646944, 0.0001475365686075995, 0.9993022654470267 ]
projection_matrix: 
   rows: 3
   cols: 4
   dt: d
   data: [ 904.9990358306457, 0, 686.1872787475586, 0, 0, 904.9990358306457, 498.9065246582031, 0, 0, 0, 1, 0]
